 499
 h 1
 p 0 
 t 5 
 b 0
 0.15
 140.
 1.9
 1.9
01  01  6 00  0.000  0.000   1. 1
02  02  4 00  0.150  0.000   1. 1 
03  03  5 00  0.075  0.130   1. 1
04  04  7 00 -0.075  0.130   1. 1
05  05 12 00 -0.150 -0.000   1. 1
06  06 14 00 -0.075 -0.130   1. 1
07  07  1 00  0.075 -0.130   1. 1
08  08  3 00  0.300  0.000   1. 1
09  09  4 01  0.225  0.130   1. 1
10  10  6 01  0.150  0.260   1. 1
11  11  7 01  0.000  0.260   1. 1
12  12  9 00 -0.150  0.260   1. 1
13  13 10 00 -0.225  0.130   1. 1
14  14 12 01 -0.300 -0.000   1. 1
15  15 13 00 -0.225 -0.130   1. 1
16  16 14 01 -0.150 -0.260   1. 1
17  17  0 00  0.000 -0.260   1. 1
18  18  1 01  0.150 -0.260   1. 1
19  19  2 00  0.225 -0.130   1. 1
20  20  3 01  0.450  0.000   1. 1
21  21  4 02  0.375  0.130   1. 1
22  22  5 01  0.300  0.260   1. 1
23  23  6 02  0.225  0.390   1. 1
24  24  7 02  0.075  0.390   1. 1
25  25  7 03 -0.075  0.390   1. 1
26  26  9 01 -0.225  0.390   1. 1
27  27 10 01 -0.300  0.260   1. 1
28  28 11 00 -0.375  0.130   1. 1
29  29 12 02 -0.450 -0.000   1. 1
30  30 13 01 -0.375 -0.130   1. 1
31  31 13 02 -0.300 -0.260   1. 1
32  32 14 02 -0.225 -0.390   1. 1
33  33 15 00 -0.075 -0.390   1. 1
34  34  0 01  0.075 -0.390   1. 1
35  35  1 02  0.225 -0.390   1. 1
36  36  2 01  0.300 -0.260   1. 1
37  37  2 02  0.375 -0.130   1. 1
38  38  3 02  0.600  0.000   1. 1
39  39  4 03  0.525  0.130   1. 1
40  40  5 02  0.450  0.260   1. 1
41  41  5 03  0.375  0.390   1. 1
42  42  6 03  0.300  0.520   1. 1
43  43  7 04  0.150  0.520   1. 1
44  44  7 05  0.000  0.520   1. 1
45  45  8 00 -0.150  0.520   1. 1
46  46  9 02 -0.300  0.520   1. 1
47  47 10 02 -0.375  0.390   1. 1
48  48 10 03 -0.450  0.260   1. 1
49  49 11 01 -0.525  0.130   1. 1
50  50 12 03 -0.600 -0.000   1. 1
51  51 12 04 -0.525 -0.130   1. 1
52  52 13 03 -0.450 -0.260   1. 1
53  53 14 03 -0.375 -0.390   1. 1
54  54 14 04 -0.300 -0.520   1. 1
55  55 15 01 -0.150 -0.520   1. 1
56  56 15 02  0.000 -0.520   1. 1
57  57  0 02  0.150 -0.520   1. 1
58  58  1 03  0.300 -0.520   1. 1
59  59  1 04  0.375 -0.390   1. 1
60  60  2 03  0.450 -0.260   1. 1
61  61  3 03  0.525 -0.130   1. 1
62  62  3 04  0.750  0.000   1. 1
63  63  4 04  0.675  0.130   1. 1
64  64  4 05  0.600  0.260   1. 1
65  65  5 04  0.525  0.390   1. 1
66  66  6 04  0.450  0.520   1. 1
67  67  6 05  0.375  0.650   1. 1
68  68  6 06  0.225  0.650   1. 1
69  69  7 06  0.075  0.650   1. 1
70  70  8 01 -0.075  0.650   1. 1
71  71  9 03 -0.225  0.650   1. 1
72  72  9 04 -0.375  0.650   1. 1
73  73  9 05 -0.450  0.520   1. 1
74  74 10 04 -0.525  0.390   1. 1
75  75 11 02 -0.600  0.260   1. 1
76  76 11 03 -0.675  0.130   1. 1
77  77 12 05 -0.750 -0.000   1. 1
78  78 12 06 -0.675 -0.130   1. 1
79  79 13 04 -0.600 -0.260   1. 1
80  80 13 05 -0.525 -0.390   1. 1
81  81 14 05 -0.450 -0.520   1. 1
82  82 14 06 -0.375 -0.650   1. 1
83  83 15 03 -0.225 -0.650   1. 1
84  84 15 04 -0.075 -0.650   1. 1
85  85  0 03  0.075 -0.650   1. 1
86  86  0 04  0.225 -0.650   1. 1
87  87  1 06  0.375 -0.650   1. 1
88  88  1 05  0.450 -0.520   1. 1
89  89  2 04  0.525 -0.390   1. 1
90  90  2 05  0.600 -0.260   1. 1
91  91  3 05  0.675 -0.130   1. 1
92  92  4 06  0.900  0.000   1. 1
93  93  4 07  0.825  0.130   1. 1
94  94  4 08  0.750  0.260   1. 1
95  95  5 05  0.675  0.390   1. 1
96  96  5 06  0.600  0.520   1. 1
97  97  6 07  0.525  0.650   1. 1
98  98  6 08  0.450  0.779   1. 1
99  99  6 09  0.300  0.779   1. 1
100 100 7 07  0.150  0.779   1. 1
101 101 7 08  0.000  0.779   1. 1
102 102 8 02 -0.150  0.779   1. 1
103 103 9 06 -0.300  0.779   1. 1
104 104 9 07 -0.450  0.779   1. 1
105 105 9 08 -0.525  0.650   1. 1
106 106 10 05 -0.600  0.520   1. 1
107 107 10 06 -0.675  0.390   1. 1
108 108 11 04 -0.750  0.260   1. 1
109 109 11 05 -0.825  0.130   1. 1
110 110 12 07 -0.900 -0.000   1. 1
111 111 12 08 -0.825 -0.130   1. 1
112 112 12 09 -0.750 -0.260   1. 1
113 113 13 06 -0.675 -0.390   1. 1
114 114 13 07 -0.600 -0.520   1. 1
115 115 14 07 -0.525 -0.650   1. 1
116 116 14 08 -0.450 -0.779   1. 1
117 117 15 05 -0.300 -0.779   1. 1
118 118 15 06 -0.150 -0.779   1. 1
119 119  0 05  0.000 -0.779   1. 1
120 120  0 06  0.150 -0.779   1. 1
121 121  0 07  0.300 -0.779   1. 1
122 122  1 09  0.450 -0.779   1. 1
123 123  1 07  0.525 -0.650   1. 1
124 124  2 06  0.600 -0.520   1. 1
125 125  2 07  0.675 -0.390   1. 1
126 126  3 06  0.750 -0.260   1. 1
127 127  3 07  0.825 -0.130   1. 1
128 128  3 10  1.050  0.000   1. 1
129 129  4 09  0.975  0.130   1. 1
130 130  4 10  0.900  0.260   1. 1
131 131  5 07  0.825  0.390   1. 1
132 132  5 08  0.750  0.520   1. 1
133 133  5 09  0.675  0.650   1. 1
134 134  6 10  0.600  0.779   1. 1
135 135  6 11  0.525  0.909   1. 1
136 136  6 12  0.375  0.909   1. 1
137 137  7 09  0.225  0.909   1. 1
138 138  7 10  0.075  0.909   1. 1
139 139  8 03 -0.075  0.909   1. 1
140 140  8 04 -0.225  0.909   1. 1
141 141  9 09 -0.375  0.909   1. 1
142 142  9 10 -0.525  0.909   1. 1
143 143  9 11 -0.600  0.779   1. 1
144 144 10 07 -0.675  0.650   1. 1
145 145 10 08 -0.750  0.520   1. 1
146 146 10 09 -0.825  0.390   1. 1
147 147 11 06 -0.900  0.260   1. 1
148 148 11 07 -0.975  0.130   1. 1
149 149 12 10 -1.050 -0.000   1. 1
150 150 12 11 -0.975 -0.130   1. 1
151 151 12 12 -0.900 -0.260   1. 1
152 152 13 08 -0.825 -0.390   1. 1
153 153 13 09 -0.750 -0.520   1. 1
154 154 14 09 -0.675 -0.650   1. 1
155 155 14 10 -0.600 -0.779   1. 1
156 156 14 11 -0.525 -0.909   1. 1
157 157 15 07 -0.375 -0.909   1. 1
158 158 15 08 -0.225 -0.909   1. 1
159 159 15 09 -0.075 -0.909   1. 1
160 160  0 08  0.075 -0.909   1. 1
161 161  0 09  0.225 -0.909   1. 1
162 162  0 10  0.375 -0.909   1. 1
163 163  1 12  0.525 -0.909   1. 1
164 164  1 10  0.600 -0.779   1. 1
165 165  1 08  0.675 -0.650   1. 1
166 166  2 08  0.750 -0.520   1. 1
167 167  2 09  0.825 -0.390   1. 1
168 168  3 08  0.900 -0.260   1. 1
169 169  3 09  0.975 -0.130   1. 1
170 170  3 13  1.200  0.000   1. 1
171 171  4 11  1.125  0.130   1. 1
172 172  4 12  1.050  0.260   1. 1
173 173  4 13  0.975  0.390   1. 1
174 174  5 10  0.900  0.520   1. 1
175 175  5 11  0.825  0.650   1. 1
176 176  5 12  0.750  0.779   1. 1
177 177  6 13  0.675  0.909   1. 1
178 178  6 14  0.600  1.039   1. 1
179 179  6 15  0.450  1.039   1. 1
180 180  7 11  0.300  1.039   1. 1
181 181  7 12  0.150  1.039   1. 1
182 182  7 13  0.000  1.039   1. 1
183 183  8 05 -0.150  1.039   1. 1
184 184  8 06 -0.300  1.039   1. 1
185 185  9 12 -0.450  1.039   1. 1
186 186  9 13 -0.600  1.039   1. 1
187 187  9 14 -0.675  0.909   1. 1
188 188 10 10 -0.750  0.779   1. 1
189 189 10 11 -0.825  0.650   1. 1
190 190 10 12 -0.900  0.520   1. 1
191 191 11 08 -0.975  0.390   1. 1
192 192 11 09 -1.050  0.260   1. 1
193 193 11 10 -1.125  0.130   1. 1
194 194 12 13 -1.200  0.000   1. 1
195 195 12 14 -1.125 -0.130   1. 1
196 196 12 15 -1.050 -0.260   1. 1
197 197 13 10 -0.975 -0.390   1. 1
198 198 13 11 -0.900 -0.520   1. 1
199 199 13 12 -0.825 -0.650   1. 1
200 200 14 12 -0.750 -0.779   1. 1
201 201 14 13 -0.675 -0.909   1. 1
202 202 14 14 -0.600 -1.039   1. 1
203 203 15 10 -0.450 -1.039   1. 1
204 204 15 11 -0.300 -1.039   1. 1
205 205 15 12 -0.150 -1.039   1. 1
206 206  0 11  0.000 -1.039   1. 1
207 207  0 12  0.150 -1.039   1. 1
208 208  0 13  0.300 -1.039   1. 1
209 209  0 14  0.450 -1.039   1. 1
210 210  1 15  0.600 -1.039   1. 1
211 211  1 13  0.675 -0.909   1. 1
212 212  1 11  0.750 -0.779   1. 1
213 213  2 10  0.825 -0.650   1. 1
214 214  2 11  0.900 -0.520   1. 1
215 215  2 12  0.975 -0.390   1. 1
216 216  3 11  1.050 -0.260   1. 1
217 217  3 12  1.125 -0.130   1. 1
218 218  3 17  1.350  0.000   1. 1
219 219  4 14  1.275  0.130   1. 1
220 220  4 15  1.200  0.260   1. 1
221 221  4 16  1.125  0.390   1. 1
222 222  5 13  1.050  0.520   1. 1
223 223  5 14  0.975  0.650   1. 1
224 224  5 15  0.900  0.779   1. 1
225 225  6 16  0.825  0.909   1. 1
226 226  6 17  0.750  1.039   1. 1
227 227  6 18  0.675  1.169   1. 1
228 228  6 19  0.525  1.169   1. 1
229 229  7 14  0.375  1.169   1. 1
230 230  7 15  0.225  1.169   1. 1
231 231  7 16  0.075  1.169   1. 1
232 232  8 07 -0.075  1.169   1. 1
233 233  8 08 -0.225  1.169   1. 1
234 234  8 09 -0.375  1.169   1. 1
235 235  9 15 -0.525  1.169   1. 1
236 236  9 16 -0.675  1.169   1. 1
237 237  9 17 -0.750  1.039   1. 1
238 238  9 18 -0.825  0.909   1. 1
239 239 10 13 -0.900  0.779   1. 1
240 240 10 14 -0.975  0.650   1. 1
241 241 10 15 -1.050  0.520   1. 1
242 242 11 11 -1.125  0.390   1. 1
243 243 11 12 -1.200  0.260   1. 1
244 244 11 13 -1.275  0.130   1. 1
245 245 12 16 -1.350  0.000   1. 1
246 246 12 17 -1.275 -0.130   1. 1
247 247 12 18 -1.200 -0.260   1. 1
248 248 12 19 -1.125 -0.390   1. 1
249 249 13 13 -1.050 -0.520   1. 1
250 250 13 14 -0.975 -0.650   1. 1
251 251 13 15 -0.900 -0.779   1. 1
252 252 14 16 -0.825 -0.909   1. 1
253 253 14 17 -0.750 -1.039   1. 1
254 254 14 18 -0.675 -1.169   1. 1
255 255 14 15 -0.525 -1.169   1. 1
256 256 15 13 -0.375 -1.169   1. 1
257 257 15 14 -0.225 -1.169   1. 1
258 258 15 15 -0.075 -1.169   1. 1
259 259  0 15  0.075 -1.169   1. 1
260 260  0 16  0.225 -1.169   1. 1
261 261  0 17  0.375 -1.169   1. 1
262 262  1 19  0.525 -1.169   1. 1
263 263  1 20  0.675 -1.169   1. 1
264 264  1 16  0.750 -1.039   1. 1
265 265  1 14  0.825 -0.909   1. 1
266 266  2 13  0.900 -0.779   1. 1
267 267  2 14  0.975 -0.650   1. 1
268 268  2 15  1.050 -0.520   1. 1
269 269  3 14  1.125 -0.390   1. 1
270 270  3 15  1.200 -0.260   1. 1
271 271  3 16  1.275 -0.130   1. 1
272 272  3 21  1.500  0.000   1. 1
273 273  4 17  1.425  0.130   1. 1
274 274  4 18  1.350  0.260   1. 1
275 275  4 19  1.275  0.390   1. 1
276 276  4 20  1.200  0.520   1. 1
277 277  5 16  1.125  0.650   1. 1
278 278  5 17  1.050  0.779   1. 1
279 279  5 18  0.975  0.909   1. 1
280 280  6 20  0.900  1.039   1. 1
281 281  6 21  0.825  1.169   1. 1
282 282  6 22  0.750  1.299   1. 1
283 283  6 23  0.600  1.299   1. 1
284 284  7 17  0.450  1.299   1. 1
285 285  7 18  0.300  1.299   1. 1
286 286  7 19  0.150  1.299   1. 1
287 287  7 20 -0.000  1.299   1. 1
288 288  8 10 -0.150  1.299   1. 1
289 289  8 11 -0.300  1.299   1. 1
290 290  8 12 -0.450  1.299   1. 1
291 291  9 19 -0.600  1.299   1. 1
292 292  9 20 -0.750  1.299   1. 1
293 293  9 21 -0.825  1.169   1. 1
294 294  9 22 -0.900  1.039   1. 1
295 295 10 16 -0.975  0.909   1. 1
296 296 10 17 -1.050  0.779   1. 1
297 297 10 18 -1.125  0.650   1. 1
298 298 11 14 -1.200  0.520   1. 1
299 299 11 15 -1.275  0.390   1. 1
300 300 11 16 -1.350  0.260   1. 1
301 301 11 17 -1.425  0.130   1. 1
302 302 11 18 -1.500  0.000   1. 1
303 303 12 20 -1.425 -0.130   1. 1
304 304 12 21 -1.350 -0.260   1. 1
305 305 12 22 -1.275 -0.390   1. 1
306 306 13 16 -1.200 -0.520   1. 1
307 307 13 17 -1.125 -0.650   1. 1 
308 308 13 18 -1.050 -0.779   1. 1
309 309 13 19 -0.975 -0.909   1. 1
310 310 14 20 -0.900 -1.039   1. 1
311 311 14 21 -0.825 -1.169   1. 1
312 312 14 22 -0.750 -1.299   1. 1
313 313 14 19 -0.600 -1.299   1. 1
314 314 15 16 -0.450 -1.299   1. 1
315 315 15 17 -0.300 -1.299   1. 1
316 316 15 18 -0.150 -1.299   1. 1
317 317 15 19 -0.000 -1.299   1. 1
318 318  0 18  0.150 -1.299   1. 1
319 319  0 19  0.300 -1.299   1. 1 
320 320  0 20  0.450 -1.299   1. 1
321 321  1 24  0.600 -1.299   1. 1
322 322  1 25  0.750 -1.299   1. 1
323 323  1 21  0.825 -1.169   1. 1
324 324  1 17  0.900 -1.039   1. 1
325 325  2 16  0.975 -0.909   1. 1
326 326  2 17  1.050 -0.779   1. 1
327 327  2 18  1.125 -0.650   1. 1
328 328  2 19  1.200 -0.520   1. 1
329 329  3 18  1.275 -0.390   1. 1
330 330  3 19  1.350 -0.260   1. 1
331 331  3 20  1.425 -0.130   1. 1
332 332  3 26  1.650  0.000   1. 1
333 333  4 21  1.575  0.130   1. 1
334 334  4 22  1.500  0.260   1. 1
335 335  4 23  1.425  0.390   1. 1
336 336  4 24  1.350  0.520   1. 1
337 337  5 19  1.275  0.650   1. 1
338 338  5 20  1.200  0.779   1. 1
339 339  5 21  1.125  0.909   1. 1
340 340  5 22  1.050  1.039   1. 1
341 341  6 24  0.975  1.169   1. 1
342 342  6 25  0.900  1.299   1. 1
343 343  6 26  0.825  1.429   1. 1
344 344  6 27  0.675  1.429   1. 1
345 345  7 21  0.525  1.429   1. 1
346 346  7 22  0.375  1.429   1. 1
347 347  7 23  0.225  1.429   1. 1
348 348  7 24  0.075  1.429   1. 1
349 349  8 13 -0.075  1.429   1. 1
350 350  8 14 -0.225  1.429   1. 1
351 351  8 15 -0.375  1.429   1. 1
352 352  8 16 -0.525  1.429   1. 1
353 353  9 23 -0.675  1.429   1. 1
354 354  9 24 -0.825  1.429   1. 1
355 355  9 25 -0.900  1.299   1. 1
356 356  9 26 -0.975  1.169   1. 1
357 357 10 19 -1.050  1.039   1. 1
358 358 10 20 -1.125  0.909   1. 1
359 359 10 21 -1.200  0.779   1. 1
360 360 10 22 -1.275  0.650   1. 1
361 361 11 19 -1.350  0.520   1. 1
362 362 11 20 -1.425  0.390   1. 1
363 363 11 21 -1.500  0.260   1. 1
364 364 11 22 -1.575  0.130   1. 1
365 365 11 23 -1.650  0.000   1. 1
366 366 12 23 -1.575 -0.130   1. 1
367 367 12 24 -1.500 -0.260   1. 1
368 368 12 25 -1.425 -0.390   1. 1
369 369 12 26 -1.350 -0.520   1. 1
370 370 13 20 -1.275 -0.650   1. 1
371 371 13 21 -1.200 -0.779   1. 1
372 372 13 22 -1.125 -0.909   1. 1
373 373 14 24 -1.050 -1.039   1. 1
374 374 14 25 -0.975 -1.169   1. 1
375 375 14 26 -0.900 -1.299   1. 1
376 376 14 27 -0.825 -1.429   1. 1
377 377 14 23 -0.675 -1.429   1. 1
378 378 15 20 -0.525 -1.429   1. 1
379 379 15 21 -0.375 -1.429   1. 1
380 380 15 22 -0.225 -1.429   1. 1
381 381 15 23 -0.075 -1.429   1. 1
382 382  0 21  0.075 -1.429   1. 1
383 383  0 22  0.225 -1.429   1. 1
384 384  0 23  0.375 -1.429   1. 1
385 385  0 24  0.525 -1.429   1. 1
386 386  1 28  0.675 -1.429   1. 1
387 387  1 29  0.825 -1.429   1. 1
388 388  1 26  0.900 -1.299   1. 1
389 389  1 22  0.975 -1.169   1. 1
390 390  1 18  1.050 -1.039   1. 1
391 391  2 20  1.125 -0.909   1. 1
392 392  2 21  1.200 -0.779   1. 1
393 393  2 22  1.275 -0.650   1. 1
394 394  3 22  1.350 -0.520   1. 1
395 395  3 23  1.425 -0.390   1. 1
396 396  3 24  1.500 -0.260   1. 1 
397 397  3 25  1.575 -0.130   1. 1
398 398  4 25  1.725  0.130   1. 1
399 399  4 26  1.650  0.260   1. 1
400 400  4 27  1.575  0.390   1. 1
401 401  4 28  1.500  0.520   1. 1
402 402  5 23  1.425  0.650   1. 1
403 403  5 24  1.350  0.779   1. 1
404 404  5 25  1.275  0.909   1. 1
405 405  5 26  1.200  1.039   1. 1
406 406  5 27  1.125  1.169   1. 1
407 407  6 28  1.050  1.299   1. 1
408 408  6 29  0.975  1.429   1. 1
409 409  6 30  0.750  1.559   1. 1
410 410  6 31  0.600  1.559   1. 1
411 411  7 25  0.450  1.559   1. 1
412 412  7 26  0.300  1.559   1. 1
413 413  7 27  0.150  1.559   1. 1
414 414  7 28 -0.000  1.559   1. 1
415 415  8 17 -0.150  1.559   1. 1
416 416  8 18 -0.300  1.559   1. 1
417 417  8 19 -0.450  1.559   1. 1
418 418  9 27 -0.600  1.559   1. 1
419 419  9 28 -0.750  1.559   1. 1
420 420  9 29 -0.975  1.429   1. 1  
421 421  9 30 -1.050  1.299   1. 1
422 422 10 23 -1.125  1.169   1. 1 
423 423 10 24 -1.200  1.039   1. 1 
424 424 10 25 -1.275  0.909   1. 1
425 425 10 26 -1.350  0.779   1. 1
426 426 11 24 -1.425  0.650   1. 1
427 427 11 25 -1.500  0.520   1. 1
428 428 11 26 -1.575  0.390   1. 1
429 429 11 27 -1.650  0.260   1. 1
430 430 11 28 -1.725  0.130   1. 1
431 431 12 27 -1.725 -0.130   1. 1
432 432 12 28 -1.650 -0.260   1. 1
433 433 12 29 -1.575 -0.390   1. 1
434 434 12 30 -1.500 -0.520   1. 1
435 435 13 23 -1.425 -0.650   1. 1
436 436 13 24 -1.350 -0.779   1. 1
437 437 13 25 -1.275 -0.909   1. 1
438 438 13 26 -1.200 -1.039   1. 1
439 439 14 28 -1.125 -1.169   1. 1
440 440 14 29 -1.050 -1.299   1. 1
441 441 14 30 -0.975 -1.429   1. 1
442 442 14 31 -0.750 -1.559   1. 1
443 443 15 24 -0.600 -1.559   1. 1
444 444 15 25 -0.450 -1.559   1. 1
445 445 15 26 -0.300 -1.559   1. 1
446 446 15 27 -0.150 -1.559   1. 1
447 447 15 28 -0.000 -1.559   1. 1
448 448  0 25  0.150 -1.559   1. 1
449 449  0 26  0.300 -1.559   1. 1
450 450  0 27  0.450 -1.559   1. 1
451 451  0 28  0.600 -1.559   1. 1
452 452  1 31  0.750 -1.559   1. 1
453 453  1 30  0.975 -1.429   1. 1
454 454  1 27  1.050 -1.299   1. 1  
455 455  1 23  1.125 -1.169   1. 1
456 456  2 23  1.200 -1.039   1. 1
457 457  2 24  1.275 -0.909   1. 1
458 458  2 25  1.350 -0.779   1. 1
459 459  2 26  1.425 -0.650   1. 1
460 460  3 27  1.500 -0.520   1. 1
461 461  3 28  1.575 -0.390   1. 1
462 462  3 29  1.650 -0.260   1. 1
463 463  3 30  1.725 -0.130   1. 1
464 464  4 29  1.650  0.520   1. 1
465 465  4 30  1.575  0.650   1. 1
466 466  5 28  1.500  0.779   1. 1
467 467  5 29  1.425  0.909   1. 1
468 468  5 30  1.350  1.039   1. 1
469 469  5 31  1.275  1.169   1. 1
470 470  7 29  0.375  1.689   1. 1
471 471  7 30  0.225  1.689   1. 1
472 472  7 31  0.075  1.689   1. 1  
473 473  8 20 -0.075  1.689   1. 1
474 474  8 21 -0.225  1.689   1. 1
475 475  8 22 -0.375  1.689   1. 1
476 476 10 27 -1.275  1.169   1. 1
477 477 10 28 -1.350  1.039   1. 1
478 478 10 29 -1.425  0.909   1. 1
479 479 10 30 -1.500  0.779   1. 1
480 480 11 29 -1.575  0.650   1. 1 
481 481 11 30 -1.650  0.520   1. 1
482 482 12 31 -1.650 -0.520   1. 1
483 483 13 27 -1.575 -0.650   1. 1
484 484 13 28 -1.500 -0.779   1. 1
485 485 13 29 -1.425 -0.909   1. 1
486 486 13 30 -1.350 -1.039   1. 1
487 487 13 31 -1.275 -1.169   1. 1  
488 488 15 29 -0.375 -1.689   1. 1
489 489 15 30 -0.225 -1.689   1. 1
490 490 15 31 -0.075 -1.689   1. 1  
491 491  0 29  0.075 -1.689   1. 1
492 492  0 30  0.225 -1.689   1. 1
493 493  0 31  0.375 -1.689   1. 1
494 494  2 27  1.275 -1.169   1. 1
495 495  2 28  1.350 -1.039   1. 1
496 496  2 29  1.425 -0.909   1. 1
497 497  2 30  1.500 -0.779   1. 1
498 498  2 31  1.575 -0.650   1. 1
499 499  3 31  1.650 -0.520   1. 1
 h    1 8  31 117.5 -0.85 0 0.5 1
 t    1 8  28 -86. 1. 0. 1     
 t    2 10 31 -86. 1. 0. 1     
 t    3 8  26 -86. 1. 0. 1     
 t    4 8  25 -86. 1. 0. 1     
 t    5 8  24 -86. 1. 0. 1     



