0 0 0
1 1.02056 0.0857808
2 0.982888 0.0701212
3 0.990197 0.0899057
4 0.987407 0.0883572
5 1.01807 0.0837869
6 1.00875 0.0703143
7 1.02551 0.0768885
8 1.01704 0.0848921
9 0.969103 0.0850253
10 1.00368 0.0931989
11 1.02359 0.0728595
12 1.01359 0.0827045
13 1.02028 0.0824779
14 1.00694 0.0764382
15 0.992503 0.0905864
16 1.02093 0.10209
17 1.00169 0.0712044
18 1.00944 0.0758606
19 1.01939 0.104334
20 1.04971 0.0800478
21 1.00608 0.0842534
22 1.02359 0.0922621
23 1.02138 0.0824105
24 1.01453 0.0765172
25 1.03525 0.0992145
26 1.03048 0.0709161
27 1.00396 0.0778319
28 1.02821 0.0769172
29 0.993419 0.0963988
30 0.991246 0.0734485
31 0.965631 0.104269
32 1.02756 0.0874664
33 1.02773 0.0722116
34 0.82915 0.0594284
35 1.029 0.0818684
36 1.01843 0.101625
37 1.01321 0.0871645
38 1.01479 0.0770544
39 0.972151 0.0955073
40 1.01039 0.0797031
41 0.984204 0.0806472
42 1.04879 0.0947856
43 1.01687 0.0872216
44 1.01677 0.0887887
45 1.0061 0.0749053
46 1.02527 0.0758455
47 1.01694 0.0886862
48 1.04755 0.0895905
49 1.00169 0.0783589
50 1.01968 0.0737103
51 1.00606 0.0748076
52 0.99108 0.0695248
53 1.00893 0.0997657
54 0.998184 0.0755609
55 0.989805 0.0809655
56 1.03577 0.0876342
57 1.01729 0.0980937
58 1.04107 0.073252
59 1.00278 0.0854513
60 0.977948 0.0823742
61 1.00812 0.08236
62 1.02794 0.0765648
63 1.07118 0.0820541
64 0.942815 0.0776902
65 1.01153 0.0961771
66 0.989618 0.0817915
67 1.00775 0.082409
68 0.976884 0.0901336
69 0.978715 0.0911178
70 0.995212 0.107486
71 1.02207 0.0762599
72 1.00023 0.0832052
73 0.998848 0.0940865
74 1.00919 0.0724292
75 1.01681 0.0753027
76 1.00754 0.0880123
77 1.01374 0.0710549
78 1.00716 0.107274
79 0.404206 0.0284914
80 1.01436 0.0774143
81 1.01492 0.0752968
82 0 0
83 1.01296 0.0763757
84 1.01056 0.0890109
85 1.02197 0.0712756
86 1.01118 0.0746391
87 1.03429 0.0752434
88 1.00235 0.0784855
89 1.02547 0.0945872
90 1.00954 0.0697478
91 1.02584 0.0771274
92 1.04065 0.0901833
93 1.02383 0.0919119
94 1.01492 0.0758907
95 1.03409 0.0754741
96 1.03522 0.0831724
97 0.963188 0.0921798
98 1.00271 0.0732571
99 0.978249 0.0816247
100 0.97271 0.105501
101 1.03603 0.0838267
102 1.01989 0.0748525
103 0.991376 0.0922179
104 1.00101 0.0741746
105 0.995353 0.0829836
106 0.974904 0.0855584
107 1.00466 0.0704578
108 1.00407 0.0775472
109 1.03695 0.0815011
110 1.01025 0.0794897
111 1.02236 0.0956177
112 0.998545 0.077312
113 0.998867 0.0795709
114 0.958113 0.0796966
115 1.01363 0.0937682
116 1.03522 0.0724716
117 1.0276 0.0788411
118 1.03441 0.0735364
119 1.00967 0.108945
120 1.03043 0.0759749
121 1.0149 0.0747269
122 0.993199 0.0716202
123 1.0142 0.115678
124 0.994042 0.0836094
125 1.0159 0.0768387
126 1.01662 0.0768087
127 0.997541 0.0865257
128 0 0
129 0.998944 0.0658683
130 0.997205 0.0729511
131 1.02767 0.0974459
132 1.01057 0.0842587
133 1.01103 0.0873481
134 1.01704 0.0815078
135 1.0182 0.0992092
136 0 0
137 1.02058 0.0752365
138 0.978424 0.0791368
139 1.00458 0.0968203
140 0.995376 0.0971272
141 1.01249 0.0739479
142 1.00974 0.0818229
143 1.01751 0.0738216
144 1.00096 0.0762331
145 1.02471 0.0767752
146 1.02506 0.0790937
147 1.0027 0.0812747
148 0.998855 0.0895909
149 0.996542 0.0958835
150 0.898466 0.0645825
151 1.02644 0.0782462
152 1.00227 0.0868555
153 1.04087 0.0873045
154 1.01461 0.0790756
155 1.01518 0.116543
156 1.02904 0.072602
157 1.01624 0.0770355
158 0.99007 0.0689559
159 1.01576 0.0687855
160 0.98431 0.093971
161 0.996447 0.0726322
162 0.995461 0.0707396
163 1.02417 0.0699872
164 1.00034 0.0823159
165 1.00791 0.0888717
166 1.00655 0.083692
167 0.982725 0.101697
168 1.01946 0.0913052
169 1.01656 0.0684221
170 1.01634 0.0715133
171 0.991181 0.0843339
172 1.02916 0.0750947
173 0 0
174 1.01031 0.0720097
175 0 0
176 1.03716 0.0861764
177 1.01858 0.0773086
178 0 0
179 1.04266 0.075922
180 1.03195 0.0762732
181 1.03013 0.096187
182 1.01659 0.0750605
183 1.0121 0.0741719
184 0.969842 0.0731647
185 1.04033 0.0853029
186 1.01107 0.0753556
187 1.04545 0.0795623
188 1.03298 0.0747876
189 0.955696 0.0857183
190 1.00995 0.0855927
191 0.964257 0.080901
192 1.00416 0.0696052
193 1.00223 0.0770716
194 1.03314 0.0838616
195 1.01002 0.0894759
196 0.998541 0.0867726
197 0.999284 0.0808674
198 1.007 0.0761985
199 1.02001 0.0812066
200 1.00908 0.0743252
201 1.01161 0.110497
202 1.02056 0.0799943
203 0.989759 0.0862197
204 1.01725 0.0854283
205 0.965081 0.0751381
206 1.00209 0.0745988
207 1.02154 0.0730122
208 1.01548 0.0795726
209 1.00574 0.0772958
210 1.03035 0.0781406
211 1.0156 0.0745909
212 1.00896 0.0813476
213 0.988538 0.0722218
214 1.03916 0.0756897
215 0.0746408 0.0162427
216 1.00456 0.0804174
217 0.988423 0.0982737
218 1.00323 0.0788945
219 1.02939 0.0816736
220 0.998015 0.0699421
221 1.01688 0.0858363
222 0.997496 0.075871
223 1.01685 0.0765844
224 1.03102 0.073509
225 0.97112 0.092212
226 0.913728 0.14612
227 0.999538 0.0709986
228 0.982987 0.090497
229 0.999631 0.0976317
230 0.978869 0.0933023
231 0.999509 0.0717182
232 1.03947 0.07348
233 1.07353 0.082643
234 0.978601 0.10421
235 1.02051 0.0724277
236 0.991647 0.0718348
237 0.963306 0.120437
238 0.982657 0.0754616
239 1.01261 0.0728319
240 1.00369 0.0769584
241 0.996269 0.116963
242 1.00867 0.0717146
243 1.00822 0.0785071
244 0.988535 0.0988591
245 0.98981 0.0764675
246 1.038 0.112668
247 0.968504 0.0737607
248 0.996727 0.0778277
249 1.0198 0.0851661
250 1.00217 0.0826091
251 1.01115 0.0761054
252 1.00232 0.11157
253 1.02277 0.105238
254 1.02157 0.0768536
255 1.01109 0.0782074
256 0.822063 0.0619534
257 1.02863 0.0828517
258 0.987702 0.1148
259 0 0
260 1.00025 0.0789096
261 1.02556 0.0844664
262 1.02141 0.0709874
263 1.00997 0.0729067
264 1.01588 0.0865273
265 1.00123 0.0879431
266 0.987398 0.0879511
267 0.997635 0.0766754
268 1.00681 0.091024
269 1.02118 0.0848739
270 1.01816 0.118521
271 0.999281 0.086464
272 1.01258 0.0706232
273 1.02173 0.0841678
274 1.00063 0.0884644
275 1.02229 0.0841701
276 1.00185 0.0767473
277 1.00097 0.0910513
278 1.02041 0.0754605
279 0.984582 0.0680142
280 1.01521 0.088229
281 0.977909 0.112746
282 0.945795 0.118053
283 1.01102 0.0837521
284 1.03486 0.0761498
285 1.04237 0.0765127
286 0.943967 0.0749256
287 1.90291 0.298977
288 0 0
289 0.953012 0.0939891
290 0.986906 0.0726748
291 0.980807 0.113479
292 0.981686 0.0738772
293 0.990084 0.100909
294 0.993201 0.0743954
295 1.0024 0.0719681
296 0.994948 0.0790222
297 0.998395 0.0901552
298 1.00621 0.0774361
299 1.0207 0.0878935
300 0.981692 0.0745299
301 0.440431 0.0332849
302 1.0247 0.0894813
303 1.02754 0.0789391
304 1.00154 0.0685922
305 0.995319 0.0735259
306 1.01615 0.0775268
307 1.0068 0.0787299
308 0.986443 0.106122
309 1.02231 0.114205
310 1.03205 0.105056
311 1.02284 0.102876
312 1.00529 0.0742861
313 1.02247 0.111093
314 0.983435 0.07591
315 1.02231 0.0974288
316 0.977059 0.0746074
317 1.00311 0.0695159
318 1.00158 0.0656342
319 0.99907 0.0756232
320 0.998773 0.0928543
321 0.967987 0.0939079
322 1.02768 0.0940455
323 0.903347 0.195297
324 1.00159 0.0776912
325 1.01841 0.0770233
326 1.85202 0.381763
327 0.997275 0.0762854
328 0.999833 0.0779469
329 0.980906 0.110228
330 0.98282 0.0744913
331 1.00356 0.0731287
332 1.00083 0.0836821
333 1.03733 0.0925719
334 0.997442 0.0733021
335 0.731214 0.0521277
336 0.979268 0.0720681
337 1.03381 0.074514
338 1.02562 0.0731151
339 0.99543 0.0748007
340 1.03174 0.0737293
341 0.997 0.0965365
342 1.03998 0.0936175
343 1.01256 0.0817243
344 1.01631 0.0851547
345 0.998621 0.089952
346 1.0341 0.0779251
347 0.990979 0.0864357
348 1.03347 0.0789437
349 1.00738 0.0761568
350 0.991106 0.0735167
351 0.974582 0.0737179
352 1.01076 0.080665
353 0.990408 0.0773172
354 1.0255 0.0727047
355 0.992906 0.111734
356 0.973923 0.0940674
357 0.983742 0.072238
358 0.995385 0.0967984
359 1.00841 0.074222
360 1.01696 0.0810851
361 1.02647 0.0918341
362 1.02344 0.0823299
363 0.994111 0.0767512
364 1.96794 1.13278
365 1.00396 0.0892604
366 0.985578 0.0726841
367 1.00443 0.0898753
368 0.990789 0.0715034
369 1.01408 0.0836888
370 1.02032 0.0791011
371 0.996265 0.0865259
372 1.01029 0.0836149
373 0.996561 0.0994367
374 1.02489 0.097992
375 0.989036 0.0773704
376 0.968772 0.104187
377 0.981812 0.0895174
378 1.00682 0.0719904
379 0.990849 0.0715133
380 1.0217 0.0769954
381 1.00482 0.068529
382 1.00808 0.0698591
383 1.01795 0.0689777
384 0.998062 0.0827089
385 1.01881 0.0968208
386 0.957187 0.181071
387 1.00109 0.0862125
388 1.01185 0.0707959
389 0.109381 0.00949136
390 0.98929 0.0762759
391 1.00921 0.0745114
392 0.988737 0.0671893
393 0.117923 0.0508675
394 0.996718 0.0908379
395 0.779946 0.0530977
396 1.00844 0.0929726
397 0.968517 0.0866455
398 0.988911 0.0829346
399 1.00397 0.0766488
400 0.985281 0.0790742
401 0.98851 0.0821964
402 0.997728 0.0805881
403 0.982564 0.0689806
404 0.995777 0.0725495
405 0.995978 0.0825484
406 0.999683 0.0739693
407 1.029 0.0755694
408 0.99277 0.0708131
409 0.987415 0.0696946
410 1.01555 0.0680105
411 1.04052 0.0828918
412 0.989819 0.0836865
413 1.0128 0.0866918
414 0.989392 0.0710035
415 0.999996 0.0816691
416 0.979167 0.07454
417 1.02048 0.0801272
418 1.00009 0.0938058
419 1.01291 0.0720802
420 0.994674 0.100841
421 0.195191 0.0148051
422 0.989684 0.091955
423 1.00398 0.078524
424 0.9667 0.106249
425 0.977321 0.0950363
426 1.02201 0.085726
427 1.01574 0.0723492
428 1.01466 0.0712807
429 1.00444 0.0732356
430 0.984966 0.0845276
431 1.02629 0.0717935
432 0.997755 0.0762723
433 1.00672 0.0950898
434 1.02521 0.073084
435 1.00425 0.0902001
436 1.01897 0.0798654
437 1.0057 0.107038
438 0.993623 0.0710901
439 1.01115 0.0696255
440 1.02672 0.0716961
441 1.02078 0.0735282
442 1.01994 0.0785209
443 1.02532 0.078023
444 1.01461 0.0790872
445 0.982588 0.0781909
446 1.00075 0.0741894
447 0.999043 0.0837522
448 1.0124 0.0826922
449 1.00471 0.0726777
450 0.999397 0.0998208
451 1.03875 0.0739046
452 1.01457 0.0777598
453 1.00447 0.068476
454 0.962742 0.0897322
455 1.00575 0.0740253
456 0 0
457 0.970928 0.072843
458 0.993428 0.0862744
459 1.00942 0.0772893
460 0.993233 0.106116
461 1.01918 0.0919693
462 0.718111 0.0489992
463 1.03204 0.0882883
464 0.903159 0.0943264
465 0.975054 0.0702874
466 0.975301 0.072005
467 1.00528 0.087652
468 1.00679 0.0817365
469 0.972633 0.102504
470 1.00219 0.0755591
471 1.04363 0.0841847
472 0.995324 0.0755139
473 1.01616 0.0992055
474 0.977296 0.077802
475 1.02369 0.0728914
476 1.01033 0.0730781
477 1.02702 0.0755518
478 0.995488 0.083781
479 1.01046 0.0970125
480 1.00707 0.0746376
481 1.0209 0.0751477
482 1.00786 0.07289
483 0.987079 0.0730185
484 1.01934 0.0771782
485 0.977661 0.072078
486 1.00452 0.0821175
487 1.00275 0.0911337
488 0.991125 0.0865161
489 1.03613 0.0812927
490 0.987709 0.0791049
491 1.03754 0.0698627
492 1.02095 0.0853294
493 0 0
494 1.03375 0.0934174
495 0.999849 0.0776139
496 0.997533 0.104483
497 1.01078 0.0747874
498 0 0
