0 1.00251 0.115238
1 0.997737 0.116279
2 0.987588 0.114518
3 0.98284 0.11654
4 1.00886 0.120017
5 0.958242 0.113399
6 0.973021 0.118632
7 1.03986 0.136916
8 0.973038 0.119726
9 0.94109 0.113894
10 0.894545 0.130199
11 1.13688 0.135018
12 1.00127 0.122357
13 1.00336 0.124897
14 0.954124 0.105726
15 1.02671 0.126555
16 0.988066 0.111925
17 0.974675 0.118212
18 1.07252 0.130011
19 0.978434 0.1171
20 1.05019 0.129419
21 1.01786 0.124283
22 0.967724 0.121472
23 1.0536 0.13599
24 1.13238 0.148786
25 1.037 0.118961
26 0.995197 0.125283
27 1.02074 0.127699
28 0.940243 0.11301
29 1.06154 0.140081
30 0.988007 0.120555
31 0.925859 0.111022
32 1.01796 0.124173
33 0.959343 0.107495
34 1.04169 0.12885
35 1.04186 0.144688
36 1.02594 0.124758
37 0 0
38 1.00479 0.131255
39 0.95328 0.108921
40 0.97799 0.118841
41 0.954747 0.120789
42 1.08619 0.138495
43 1.02448 0.129799
44 1.00421 0.116877
45 0.93662 0.112708
46 1.00018 0.121848
47 1.05702 0.13811
48 0.975165 0.135779
49 1.06475 0.133947
50 1.01863 0.145679
51 0.95646 0.119632
52 1.01135 0.121597
53 0.948627 0.110968
54 0.981405 0.115014
55 1.20606 0.138938
56 1.0776 0.122804
57 1.02361 0.12859
58 1.00431 0.117277
59 1.04461 0.131872
60 1.05735 0.141174
61 1.0693 0.155711
62 0.975425 0.130383
63 1.03458 0.131692
64 0.987169 0.120394
65 0.988903 0.122529
66 0.992601 0.123124
67 0.947682 0.111213
68 0.988412 0.123349
69 1.01538 0.122742
70 0.969376 0.120415
71 0.999087 0.130267
72 1.02672 0.134089
73 0.94266 0.123359
74 1.00946 0.125833
75 1.07514 0.139394
76 1.02129 0.121162
77 1.01517 0.126146
78 1.06763 0.133523
79 0.974176 0.113339
80 0.948605 0.115414
81 0.965605 0.111811
82 0.982854 0.124101
83 0.945916 0.120085
84 1.02727 0.125074
85 0.919777 0.108476
86 0.997025 0.131198
87 0 0
88 1.04342 0.122761
89 1.00815 0.122625
90 0.96309 0.115625
91 1.13742 0.140461
92 0.988772 0.123592
93 0.959276 0.113767
94 0.969806 0.121983
95 1.13591 0.146362
96 0.94726 0.116048
97 0.918043 0.118249
98 1.04151 0.12758
99 0.979196 0.11754
100 1.03334 0.130948
101 0.98376 0.114543
102 1.06388 0.141455
103 0.991209 0.126297
104 0.919278 0.113172
105 1.01312 0.147387
106 1.07776 0.133731
107 0.983187 0.12243
108 0.988259 0.116678
109 0.94401 0.111294
110 0.99953 0.117533
111 0.99317 0.118524
112 0.996534 0.118768
113 0.966929 0.112125
114 0.972009 0.110515
115 0.956938 0.108606
116 0.965192 0.113253
117 1.02197 0.122973
118 0.987514 0.11402
119 0.928216 0.111431
120 1.00463 0.114646
121 0.866318 0.101707
122 0.95223 0.115762
123 1.05322 0.119331
124 0.960285 0.115226
125 1.023 0.124888
126 0.940297 0.110479
127 1.04576 0.130015
128 0.956041 0.121016
129 0.961915 0.119105
130 1.02013 0.129085
131 1.00055 0.117407
132 0.944932 0.119352
133 0.979249 0.117381
134 0.999972 0.119007
135 1.05343 0.131013
136 0.940616 0.123918
137 1.0237 0.134758
138 1.02161 0.132599
139 1.02947 0.135561
140 1.02212 0.129348
141 1.06881 0.137949
142 0.976208 0.120781
143 1.07623 0.137628
144 0.968223 0.117583
145 0.943403 0.12396
146 1.0254 0.127201
147 1.01918 0.128739
148 0.946949 0.114135
149 0.921252 0.110936
150 0.962634 0.113505
151 0.948059 0.11528
152 0.963379 0.137956
153 1.01047 0.126017
154 1.05292 0.137694
155 0.990062 0.114982
156 0.967974 0.110461
157 0.983163 0.120094
158 1.02716 0.133139
159 0 0
160 0.963373 0.112492
161 1.01836 0.125055
162 0.978653 0.11596
163 0.961393 0.110326
164 1.06347 0.133584
165 0.998989 0.124219
166 1.10188 0.129027
167 1.03501 0.118676
168 1.01889 0.132571
169 0.975009 0.119346
170 1.00119 0.116241
171 1.00474 0.124551
172 0.98327 0.119087
173 1.02246 0.157704
174 0.974506 0.111341
175 1.02364 0.124847
176 0.953563 0.119285
177 0.982309 0.124453
178 1.12703 0.163713
179 1.00046 0.121372
180 0.93829 0.113659
181 0.981708 0.114277
182 1.01621 0.13624
183 1.02635 0.126634
184 0.981385 0.124339
185 0.956888 0.111987
186 0.985255 0.124699
187 0.994871 0.115842
188 0.994335 0.119205
189 1.07826 0.132372
190 1.00795 0.128994
191 0.929675 0.115584
192 0.998698 0.116733
193 0.94644 0.115556
194 1.00405 0.122967
195 1.03445 0.122201
196 0.959358 0.10983
197 1.0005 0.115808
198 0.974451 0.117895
199 1.02819 0.116285
200 0.970774 0.113612
201 0.962864 0.112614
202 0.959467 0.11999
203 1.02029 0.125012
204 1.00624 0.119478
205 1.00648 0.126644
206 0.979953 0.111184
207 0.960603 0.109279
208 1.01979 0.117928
209 0.990253 0.111781
210 0.888186 0.10476
211 1.05976 0.126575
212 1.01647 0.130538
213 0.970802 0.111005
214 1.02571 0.135155
215 0.34687 0.0443798
216 0.995314 0.113898
217 0.939664 0.118685
218 0.937296 0.107276
219 1.00612 0.12612
220 0.95311 0.116906
221 1.05225 0.125353
222 0.956921 0.111944
223 1.03719 0.126735
224 1.01166 0.121182
225 1.01975 0.123075
226 0.984657 0.137025
227 1.05284 0.135171
228 1.03374 0.127887
229 0.936126 0.131867
230 0.965346 0.124064
231 0.977853 0.117624
232 0.975575 0.118389
233 0.976162 0.123749
234 1.10593 0.151256
235 0.940659 0.11571
236 1.04123 0.130982
237 1.04573 0.132993
238 1.0532 0.13917
239 0.988161 0.122797
240 0.970668 0.118896
241 1.02773 0.11773
242 0.981099 0.118715
243 1.01345 0.124043
244 1.02952 0.129394
245 0.990156 0.11936
246 0.932394 0.115714
247 0.982338 0.123709
248 0.957103 0.110375
249 0.985277 0.117503
250 0.96221 0.112929
251 1.00143 0.117952
252 1.06942 0.126845
253 1.1241 0.175231
254 0.928404 0.113
255 0.921434 0.109328
256 0.999105 0.12563
257 1.0079 0.125158
258 1.01912 0.119386
259 0.988912 0.115262
260 0.965351 0.109272
261 0.975125 0.113199
262 1.09758 0.140824
263 1.00164 0.160865
264 0.940378 0.103008
265 0.941681 0.109574
266 0.905756 0.102302
267 0.964939 0.121638
268 1.0875 0.128459
269 1.05624 0.133903
270 0.993015 0.119609
271 1.04931 0.124034
272 1.01152 0.114163
273 1.05712 0.127604
274 0.967179 0.121358
275 0.939981 0.107756
276 0.937736 0.114427
277 1.03008 0.140912
278 0.944162 0.115005
279 0.999531 0.129366
280 1.08119 0.129792
281 1.0286 0.132709
282 0.996746 0.117179
283 1.06438 0.140955
284 1.00285 0.1254
285 1.00161 0.128136
286 0.98234 0.116454
287 1.03563 0.120401
288 1.00149 0.124914
289 1.05594 0.141721
290 0.942972 0.121286
291 0.947461 0.113733
292 0.999177 0.125087
293 0.965356 0.112748
294 0.977283 0.123496
295 1.0578 0.126231
296 0.981156 0.122995
297 0.982103 0.126535
298 1.04414 0.126556
299 1.12402 0.17312
300 0.935509 0.130814
301 1.01786 0.122861
302 1.04242 0.126807
303 0.972625 0.111303
304 0.937058 0.11385
305 0.978978 0.111277
306 0.986198 0.119265
307 1.01595 0.118155
308 0.943455 0.111599
309 0.964007 0.115847
310 0.977724 0.113401
311 1.03833 0.125549
312 0.968471 0.122369
313 0.96885 0.118623
314 1.00217 0.113978
315 0.962809 0.109213
316 0.95086 0.113654
317 0.936062 0.110602
318 0.993571 0.113997
319 0 0
320 0.954652 0.110756
321 0.989471 0.110445
322 1.02251 0.124298
323 0.988685 0.120942
324 1.02511 0.122683
325 1.00944 0.12689
326 1.01711 0.123886
327 1.06161 0.126717
328 1.00145 0.116856
329 0.953619 0.108041
330 0.956871 0.116203
331 1.03712 0.130667
332 1.01719 0.119538
333 0.96774 0.116186
334 1.03758 0.120625
335 0.990601 0.121687
336 0.969228 0.120284
337 1.03358 0.137407
338 0.972621 0.121161
339 1.04454 0.13298
340 0.983787 0.119725
341 1.08717 0.1485
342 0.961542 0.115523
343 1.0082 0.118499
344 0.965622 0.127881
345 0.957574 0.117133
346 1.03373 0.125618
347 1.00998 0.128758
348 0.993612 0.126764
349 1.06616 0.132519
350 0.995945 0.124606
351 1.11932 0.156159
352 1.04839 0.142469
353 0.957411 0.114045
354 1.0244 0.126766
355 0.973371 0.121774
356 0.965196 0.126682
357 1.07217 0.140828
358 1.005 0.124999
359 1.04141 0.12266
360 0.977181 0.119474
361 0.961825 0.114397
362 0.984672 0.112593
363 0.922424 0.112826
364 1.05544 0.126922
365 0.968144 0.110264
366 1.03463 0.141568
367 1.00417 0.130843
368 0.999917 0.119326
369 1.13529 0.15745
370 0.966202 0.117233
371 0.975505 0.116607
372 0.936561 0.104614
373 1.02399 0.149436
374 1.02717 0.125915
375 1.0016 0.116312
376 1.01543 0.121006
377 0.936659 0.110749
378 1.02838 0.12263
379 0.989611 0.118377
380 0.948078 0.110829
381 1.00748 0.14866
382 0.98848 0.109997
383 1.01742 0.120307
384 1.00063 0.120803
385 1.06394 0.139755
386 1.01437 0.122151
387 0.955806 0.108315
388 0.954858 0.117336
389 0.970098 0.113632
390 1.07152 0.136997
391 1.01843 0.126823
392 0.94494 0.112403
393 0.998831 0.107539
394 0.974919 0.118497
395 1.02616 0.121504
396 1.05847 0.132905
397 1.05608 0.133288
398 1.03488 0.12471
399 0.98625 0.118688
400 0.893568 0.103066
401 0.938692 0.114603
402 0.965904 0.115802
403 1.04696 0.130953
404 0.953249 0.116931
405 0.995531 0.118861
406 0.778504 0.0988064
407 0.992021 0.122332
408 1.00345 0.118468
409 1.18012 0.137677
410 1.45724 0.207641
411 1.13655 0.13967
412 1.13052 0.163109
413 1.02681 0.120329
414 0.99208 0.116821
415 1.24805 0.192732
416 1.02532 0.125836
417 0.946544 0.118065
418 0.947318 0.114092
419 1.00943 0.120955
420 1.08613 0.133633
421 1.01131 0.127032
422 0.962535 0.115289
423 1.00325 0.126727
424 0.968611 0.11536
425 0.970391 0.116988
426 0.999194 0.119862
427 1.00233 0.128035
428 1.04073 0.131616
429 0.990636 0.142028
430 0.759065 0.0937776
431 0.909282 0.111256
432 1.01012 0.126526
433 0.959323 0.112515
434 1.01294 0.12828
435 1.07435 0.127659
436 0.994886 0.136527
437 0.96788 0.113974
438 0.963656 0.112679
439 0.985402 0.113281
440 0 0
441 0.730691 0.0937472
442 0.994535 0.117417
443 0 0
444 0.985394 0.115894
445 0.992696 0.109373
446 1.02192 0.122372
447 1.01675 0.127955
448 0.98914 0.120968
449 0.928008 0.104402
450 0.995051 0.123325
451 0.958794 0.107971
452 0.932508 0.108466
453 1.06305 0.131551
454 1.03816 0.123033
455 0.905126 0.109657
456 1.0206 0.118828
457 1.10286 0.140235
458 1.03979 0.137945
459 1.00422 0.121285
460 1.00493 0.116845
461 1.01033 0.129355
462 1.03262 0.139561
463 0.98423 0.119244
464 1.00459 0.140928
465 1.0052 0.121848
466 0.957172 0.114978
467 1.02991 0.128578
468 0.910298 0.109151
469 1.61013 0.317226
470 2.13707 0.390428
471 0.947453 0.117936
472 0.960076 0.117991
473 1.07042 0.1527
474 0.894497 0.0998752
475 0.935327 0.119309
476 0.971553 0.118568
477 1.06543 0.157305
478 0.957088 0.123973
479 0.951457 0.120634
480 0.904097 0.127435
481 0.828881 0.0947693
482 0 0
483 1.00462 0.138727
484 0.951002 0.114236
485 0.968856 0.109617
486 0 0
487 0.995661 0.122858
488 0.874542 0.107527
489 1.00951 0.112096
490 1.00767 0.11782
491 0.922621 0.110774
492 0.959828 0.113305
493 0.872007 0.101442
494 1.03083 0.125885
495 1.0019 0.125018
496 0.980017 0.11717
497 0.952217 0.111634
498 1.10457 0.136021
