0 0.953913 0.0827206
1 0.993034 0.0829012
2 0.993106 0.107638
3 1.00161 0.0937215
4 0.998934 0.0854173
5 0.997704 0.0892038
6 0.985819 0.0874194
7 0.953239 0.0803969
8 0.978963 0.0822536
9 0.999488 0.0866748
10 0.991484 0.0875835
11 0.986442 0.0927575
12 1.00554 0.0849098
13 0.997661 0.0950683
14 1.00517 0.0896532
15 0.992783 0.0895127
16 1.00988 0.0952991
17 0.99769 0.0812654
18 0.996422 0.0946593
19 0.994866 0.0896854
20 1.00965 0.0902283
21 1.01126 0.0954298
22 1.00377 0.0928958
23 1.02359 0.0851435
24 0.993925 0.0896288
25 0.994816 0.0847542
26 1.00089 0.0957673
27 0.989395 0.0876998
28 1.01292 0.0856169
29 1.01744 0.083976
30 1.00605 0.0895968
31 0.980692 0.082875
32 1.02071 0.0933997
33 0.981567 0.0873826
34 0.991444 0.0869329
35 0.992725 0.0879845
36 1.00185 0.0906955
37 1.02136 0.109256
38 1.02819 0.0960681
39 1.01859 0.0885789
40 1.03511 0.0922184
41 1.02305 0.0903912
42 1.02126 0.0868691
43 1.00221 0.113355
44 1.00569 0.0924006
45 1.01015 0.0953233
46 1.00047 0.0893757
47 1.00305 0.0841151
48 0.98893 0.0874846
49 0.97271 0.0928688
50 1.01419 0.0925357
51 0.990305 0.0881953
52 1.00624 0.0827037
53 1.00681 0.0873548
54 0.999629 0.0855351
55 0.988524 0.0806985
56 0.993386 0.0938614
57 0.999584 0.083818
58 1.01286 0.0982413
59 0.994836 0.0886247
60 1.01837 0.0889685
61 0.979004 0.0969324
62 1.02646 0.0901682
63 1.00253 0.0999762
64 1.01498 0.0980357
65 0.993213 0.0887833
66 0.997959 0.093502
67 1.00105 0.0865361
68 0.99142 0.0887981
69 0.986406 0.0847275
70 1.00302 0.0856193
71 1.00167 0.0908665
72 1.01345 0.090854
73 0.99919 0.0924029
74 0.997414 0.0948833
75 0.979278 0.078731
76 0.975993 0.0847677
77 1.02242 0.0894795
78 1.01879 0.0907209
79 1.0191 0.0949675
80 0.99045 0.0852331
81 0.99461 0.0911135
82 1.01252 0.0907241
83 0.997518 0.0883151
84 0.978257 0.0867698
85 0.969444 0.086064
86 1.00309 0.0804912
87 1.01683 0.0840327
88 0.98288 0.0904138
89 0.992758 0.0956643
90 0.97616 0.0894666
91 0.967204 0.088205
92 1.04969 0.0900678
93 1.02669 0.0952744
94 1.00442 0.0867262
95 1.00152 0.0849026
96 1.00739 0.0963897
97 0.98619 0.0928666
98 0.992587 0.0812595
99 0 0
100 0.986786 0.105894
101 0.992687 0.0891741
102 0.991475 0.0910746
103 0.98708 0.0849343
104 0.994822 0.089415
105 0.995569 0.0852002
106 1.00689 0.0832861
107 0.968218 0.0864719
108 0.983156 0.0866773
109 0.998545 0.0879197
110 0.994098 0.0866644
111 1.01241 0.0928159
112 1.04846 0.0949526
113 0.994849 0.087533
114 0.998697 0.0818596
115 1.03759 0.0924358
116 1.01311 0.0962882
117 0.983407 0.0994228
118 0.98834 0.0941883
119 1.01927 0.0860499
120 0.977215 0.0984485
121 0.993747 0.0845723
122 1.00861 0.0878799
123 1.00371 0.0932008
124 1.01752 0.0965047
125 1.01101 0.101217
126 1.00042 0.0870437
127 1.04256 0.0889459
128 1.03008 0.100054
129 1.02239 0.0923231
130 0.992726 0.0842394
131 1.02407 0.0854266
132 1.01115 0.0932096
133 1.00727 0.0839877
134 0.977137 0.0878987
135 1.00082 0.0854965
136 0.980533 0.0861865
137 1.01673 0.0905
138 1.01555 0.0984188
139 1.02874 0.0949211
140 0.977259 0.0874659
141 0.992923 0.190164
142 1.00037 0.0854812
143 0.979068 0.0875232
144 1.01169 0.0977374
145 1.02593 0.100225
146 0.997781 0.0851652
147 1.02474 0.0909464
148 1.01541 0.0957576
149 1.0328 0.0930432
150 1.00357 0.0836425
151 0.99935 0.090726
152 0.997248 0.0894533
153 1.01539 0.0872077
154 0.998058 0.0869516
155 1.02358 0.08593
156 1.00948 0.0869864
157 0.988494 0.0818386
158 0.983819 0.120557
159 1.02656 0.0911914
160 1.02511 0.125369
161 1.02405 0.0906544
162 1.00452 0.0938794
163 0.99649 0.0924432
164 1.00541 0.0916244
165 1.01048 0.0876223
166 1.01287 0.0893593
167 1.01497 0.0864874
168 1.00444 0.0875269
169 1.01197 0.0952329
170 0.980727 0.0884874
171 1.00259 0.0946215
172 1.00284 0.0930218
173 0.984158 0.0883389
174 0.961636 0.0836616
175 1.02495 0.105164
176 0.999552 0.0930706
177 1.00355 0.0837723
178 0.987588 0.0912497
179 0.964521 0.0824472
180 0.981078 0.0884792
181 1.0254 0.110119
182 1.00851 0.0930696
183 1.02791 0.0869317
184 1.01804 0.111665
185 0.969558 0.0868187
186 0.991259 0.0879526
187 1.01525 0.0980929
188 1.00895 0.0854538
189 0.992256 0.0894615
190 1.02036 0.0901092
191 1.00302 0.0903551
192 0.999464 0.0988888
193 1.00631 0.0922942
194 0.997853 0.0882058
195 1.0195 0.0941395
196 1.02843 0.101456
197 1.01711 0.0898269
198 1.00309 0.0814744
199 1.00338 0.0888572
200 0.955559 0.0853749
201 0.985534 0.103809
202 0.987021 0.0883004
203 0.99627 0.0878895
204 1.00553 0.0896788
205 1.00261 0.0841391
206 1.00835 0.0839718
207 1.03413 0.0897731
208 1.03681 0.100285
209 1.00887 0.0863833
210 1.00968 0.0913588
211 1.007 0.0880892
212 0.983511 0.0881967
213 0.983432 0.119477
214 0 0
215 1.00792 0.0864617
216 1.01194 0.0890156
217 0.981279 0.0871262
218 0.997574 0.0954098
219 0.997839 0.0851954
220 0.976191 0.0812877
221 0.99948 0.0918952
222 0.978741 0.100498
223 0.994871 0.084715
224 1.01264 0.10541
225 0.982978 0.0845061
226 1.00266 0.0873228
227 1.00307 0.0891067
228 0.975489 0.0912355
229 1.0061 0.0919947
230 1.09542 0.0928402
231 0 0
232 0.982393 0.0878918
233 0.99289 0.0951168
234 1.00543 0.0867742
235 1.0085 0.0881872
236 1.06862 0.0905177
237 0.949909 0.0874716
238 0.973827 0.0890348
239 1.00682 0.0880215
240 0.997208 0.0884733
241 0.985387 0.107075
242 1.01433 0.0891839
243 1.0032 0.0922133
244 1.03407 0.105329
245 0.986099 0.0994636
246 0.956506 0.087688
247 1.00082 0.0855601
248 1.006 0.107386
249 1.02024 0.0864363
250 1.01114 0.0915755
251 0.998062 0.0943966
252 1.04264 0.0959955
253 1.01488 0.0872786
254 1.02169 0.0840853
255 1.01619 0.0870424
256 1.0048 0.0851869
257 1.01235 0.0924501
258 1.00407 0.0916967
259 0 0
260 1.02297 0.0906951
261 1.0238 0.0898348
262 1.01372 0.0953154
263 1.02944 0.085864
264 1.04349 0.102327
265 1.03435 0.0882525
266 0.979384 0.0863041
267 1.01523 0.0875801
268 0.976604 0.0832188
269 0.985435 0.0889351
270 0.951961 0.0834066
271 0.284443 0.0906164
272 0.96075 0.0889291
273 0.994537 0.0870939
274 0.982499 0.0842549
275 0.98997 0.0875359
276 1.31798 0.108302
277 1.00823 0.082507
278 1.03804 0.103885
279 1.07104 0.138352
280 1.01992 0.0868933
281 0.984197 0.0931209
282 1.00182 0.0930556
283 1.02544 0.0904098
284 1.03279 0.11834
285 1.00548 0.0906211
286 1.01023 0.120355
287 1.02279 0.110403
288 1.01673 0.0850976
289 1.0492 0.11474
290 1.00441 0.0894062
291 0.995045 0.0936331
292 0.968642 0.0883911
293 0.993259 0.0857313
294 0.970277 0.0840872
295 1.02864 0.0950764
296 1.02224 0.0880399
297 1.03763 0.0925396
298 1.01226 0.102605
299 1.01331 0.0893827
300 1.00931 0.0805566
301 0.961289 0.0848956
302 0.987536 0.083864
303 1.01326 0.0909894
304 0.981461 0.089446
305 1.01415 0.0858581
306 1.01599 0.0866818
307 1.00747 0.0859016
308 1.0032 0.0870569
309 0.996084 0.0869494
310 1.0024 0.0827481
311 1.01489 0.0930663
312 1.02105 0.0868404
313 0.895305 0.0807907
314 1.00453 0.0848826
315 1.01286 0.0818381
316 0.994925 0.0818283
317 1.03081 0.0933336
318 1.01443 0.0888348
319 1.02707 0.0873187
320 0 0
321 0.905249 0.0809462
322 0.996348 0.0887902
323 0.996013 0.099572
324 0.995724 0.0859501
325 1.02009 0.0980828
326 0.971189 0.092199
327 1.00402 0.0938215
328 0.970608 0.0829277
329 0.997644 0.0844196
330 1.02693 0.0897167
331 0.976581 0.0855941
332 0.991461 0.088715
333 0.149092 0.0145117
334 1.01569 0.0889685
335 1.02488 0.110138
336 1.00848 0.08754
337 1.0248 0.0982149
338 1.02113 0.0945741
339 0.968713 0.0867887
340 1.01899 0.0873572
341 0.994524 0.0868875
342 1.00722 0.0870797
343 1.00308 0.0887571
344 1.01828 0.0892126
345 1.02404 0.0904669
346 0.987351 0.0909177
347 1.04374 0.0870892
348 1.01509 0.100502
349 1.00671 0.0903581
350 1.00939 0.0922821
351 1.0259 0.102066
352 1.00411 0.08783
353 0.95482 0.0873271
354 1.00525 0.0941373
355 1.00685 0.0882973
356 1.06203 0.134963
357 1.03673 0.103725
358 0.996403 0.0871648
359 0.990325 0.0866019
360 1.02151 0.0905277
361 1.01847 0.0983786
362 0.99643 0.104276
363 0.993358 0.0857151
364 0.989019 0.0987287
365 0.992441 0.0886753
366 0.973348 0.0837211
367 0.986029 0.100643
368 1.00649 0.0893336
369 0.954975 0.0820444
370 0.979175 0.0803992
371 0.995142 0.0892361
372 0.983283 0.0808032
373 1.0147 0.108092
374 0.984377 0.103677
375 0.970733 0.0864227
376 1.0133 0.0935961
377 0.998594 0.087834
378 0.996273 0.0844387
379 1.0266 0.0900186
380 1.01613 0.0870815
381 0.986307 0.0798328
382 1.02492 0.0923328
383 1.01986 0.111683
384 1.0291 0.091372
385 0.974497 0.0857156
386 1.02891 0.0893148
387 1.0291 0.0885099
388 0.990017 0.0894244
389 0.940789 0.0882648
390 1.00673 0.0938329
391 1.01172 0.0906952
392 1.01167 0.0900013
393 0.974711 0.0924515
394 1.04775 0.0928193
395 1.02002 0.0868508
396 1.01517 0.088983
397 0.990779 0.0845719
398 0.996797 0.0860765
399 1.00269 0.0880255
400 1.02001 0.0899807
401 0.997493 0.0920853
402 1.02376 0.0938684
403 1.01468 0.0868334
404 1.00059 0.0849484
405 1.01916 0.0931972
406 1.02177 0.112739
407 0.983697 0.0951809
408 1.00092 0.0861182
409 1.01915 0.0923633
410 1.04293 0.130044
411 1.03546 0.097562
412 0.98553 0.0921779
413 0.986469 0.0947333
414 0.99728 0.0944104
415 1.02396 0.0938344
416 0.988374 0.0888235
417 1.00474 0.0852736
418 1.0265 0.098167
419 1.01932 0.092134
420 1.04936 0.0970627
421 1.01808 0.0965227
422 0.948188 0.0825532
423 0.97263 0.0938342
424 0.966272 0.0886574
425 0.948756 0.0927118
426 1.02786 0.0882663
427 0.951576 0.0856186
428 1.00093 0.0900969
429 1.00431 0.0949142
430 0.978589 0.0892566
431 0.98131 0.0895812
432 1.00836 0.0895034
433 0.981225 0.087259
434 1.01981 0.083856
435 1.02031 0.0944984
436 0.985319 0.0915657
437 1.00801 0.0922073
438 0.992331 0.0851241
439 0.976204 0.0891152
440 1.00968 0.0853214
441 1.00024 0.0924313
442 1.00186 0.093051
443 1.0355 0.109039
444 1.00351 0.0832375
445 1.02122 0.0864572
446 1.01177 0.0950208
447 1.00485 0.0887638
448 1.0099 0.0897782
449 1.00444 0.085794
450 0.964827 0.0989583
451 0.998002 0.0889684
452 1.03048 0.108847
453 1.00876 0.0887725
454 0.976455 0.0896726
455 1.01745 0.106208
456 1.02495 0.0926041
457 0.989718 0.087048
458 1.01831 0.0880698
459 0.98123 0.081086
460 1.00975 0.100733
461 0.994258 0.0921369
462 1.04134 0.0944546
463 1.00261 0.086956
464 1.00484 0.101643
465 0.998206 0.110707
466 1.08565 0.0969232
467 0.966743 0.112121
468 1.00173 0.0839768
469 1.00386 0.102526
470 0.96684 0.09956
471 1.00979 0.0885576
472 0.992282 0.0881458
473 1.02129 0.0998758
474 0.982819 0.113556
475 1.00973 0.0951927
476 0.980007 0.0882822
477 0.963417 0.0857068
478 0.995395 0.0852455
479 0.971844 0.0877675
480 0.9884 0.0898208
481 0.900224 0.0871225
482 1.00656 0.0903914
483 1.00038 0.0843575
484 0.995159 0.0836474
485 0.995695 0.0802372
486 1.0078 0.082569
487 1.02955 0.087283
488 1.00035 0.0821713
489 1.00764 0.0911364
490 1.02769 0.100955
491 1.01442 0.0830881
492 0.990546 0.0894502
493 1.02072 0.0897245
494 1.01973 0.0879213
495 1.01149 0.081859
496 1.04223 0.111106
497 0.974685 0.0807411
498 1.01734 0.0929667
